136   
135   
111   
161   
161   
185   
150   
164   
153   
167   
117   
131   
163   
177   
167   
181   
143   
157   
201   
174   
178   
141   
201   
205   
197   
201   
241   
269   
283   
272   
286   
420   
434   
423   
437   
151   
192   
111   
56   
114   
251   
251   
211   
202   
227   
235   
244   
283   
98   
113   
161   
270   
147   
161   
190   
159   
208   
213   
200   
249   
235   
230   
217   
284   
270   
160   
143   
171   
161   
148   
316   
302   
310   
297   
314   
318   
304   
291   
65   
97   
162   
323   
646   
142   
223   
255   
241   
230   
348   
335   
130   
123   
123   
116   
128   
121   
75   
111   
168   
38   
87   
34   
149   
77   
33   
33   
29   
179   
182   
178   
310   
460   
207   
285   
381   
190   
403   
202   
